<Qucs Dataset 0.0.17>
<indep y 1>
  +5.00000000000e+004
</indep>
<indep z 1>
  +5.00000000000e+004
</indep>
<indep a 1>
  +5.00000000000e-001
</indep>
<indep w 1>
  +1.00000000000e+005
</indep>
<indep time 101>
  +0.00000000000e+000
  +1.00000000000e-005
  +2.00000000000e-005
  +3.00000000000e-005
  +4.00000000000e-005
  +5.00000000000e-005
  +6.00000000000e-005
  +7.00000000000e-005
  +8.00000000000e-005
  +9.00000000000e-005
  +1.00000000000e-004
  +1.10000000000e-004
  +1.20000000000e-004
  +1.30000000000e-004
  +1.40000000000e-004
  +1.50000000000e-004
  +1.60000000000e-004
  +1.70000000000e-004
  +1.80000000000e-004
  +1.90000000000e-004
  +2.00000000000e-004
  +2.10000000000e-004
  +2.20000000000e-004
  +2.30000000000e-004
  +2.40000000000e-004
  +2.50000000000e-004
  +2.60000000000e-004
  +2.70000000000e-004
  +2.80000000000e-004
  +2.90000000000e-004
  +3.00000000000e-004
  +3.10000000000e-004
  +3.20000000000e-004
  +3.30000000000e-004
  +3.40000000000e-004
  +3.50000000000e-004
  +3.60000000000e-004
  +3.70000000000e-004
  +3.80000000000e-004
  +3.90000000000e-004
  +4.00000000000e-004
  +4.10000000000e-004
  +4.20000000000e-004
  +4.30000000000e-004
  +4.40000000000e-004
  +4.50000000000e-004
  +4.60000000000e-004
  +4.70000000000e-004
  +4.80000000000e-004
  +4.90000000000e-004
  +5.00000000000e-004
  +5.10000000000e-004
  +5.20000000000e-004
  +5.30000000000e-004
  +5.40000000000e-004
  +5.50000000000e-004
  +5.60000000000e-004
  +5.70000000000e-004
  +5.80000000000e-004
  +5.90000000000e-004
  +6.00000000000e-004
  +6.10000000000e-004
  +6.20000000000e-004
  +6.30000000000e-004
  +6.40000000000e-004
  +6.50000000000e-004
  +6.60000000000e-004
  +6.70000000000e-004
  +6.80000000000e-004
  +6.90000000000e-004
  +7.00000000000e-004
  +7.10000000000e-004
  +7.20000000000e-004
  +7.30000000000e-004
  +7.40000000000e-004
  +7.50000000000e-004
  +7.60000000000e-004
  +7.70000000000e-004
  +7.80000000000e-004
  +7.90000000000e-004
  +8.00000000000e-004
  +8.10000000000e-004
  +8.20000000000e-004
  +8.30000000000e-004
  +8.40000000000e-004
  +8.50000000000e-004
  +8.60000000000e-004
  +8.70000000000e-004
  +8.80000000000e-004
  +8.90000000000e-004
  +9.00000000000e-004
  +9.10000000000e-004
  +9.20000000000e-004
  +9.30000000000e-004
  +9.40000000000e-004
  +9.50000000000e-004
  +9.60000000000e-004
  +9.70000000000e-004
  +9.80000000000e-004
  +9.90000000000e-004
  +1.00000000000e-003
</indep>
<dep V3.It time>
  -1.29996750081e-004
  -1.29996750081e-004
  -1.29996750081e-004
  -1.29996750081e-004
  -1.29996750081e-004
  -1.29996750081e-004
  -1.29996750081e-004
  -1.29996750081e-004
  -1.29996750081e-004
  -1.29996750081e-004
  -1.29996750081e-004
  -1.29996750081e-004
  -1.29996750081e-004
  -1.29996750081e-004
  -1.29996750081e-004
  -1.29996750081e-004
  -1.29996750081e-004
  -1.29996750081e-004
  -1.29996750081e-004
  -1.29996750081e-004
  -1.29996750081e-004
  -1.29996750081e-004
  -1.29996750081e-004
  -1.29996750081e-004
  -1.29996750081e-004
  -1.29996750081e-004
  -1.29996750081e-004
  -1.29996750081e-004
  -1.29996750081e-004
  -1.29996750081e-004
  -1.29996750081e-004
  -1.29996750081e-004
  -1.29996750081e-004
  -1.29996750081e-004
  -1.29996750081e-004
  -1.29996750081e-004
  -1.29996750081e-004
  -1.29996750081e-004
  -1.29996750081e-004
  -1.29996750081e-004
  -1.29996750081e-004
  -1.29996750081e-004
  -1.29996750081e-004
  -1.29996750081e-004
  -1.29996750081e-004
  -1.29996750081e-004
  -1.29996750081e-004
  -1.29996750081e-004
  -1.29996750081e-004
  -1.29996750081e-004
  -1.29996750081e-004
  -1.29996750081e-004
  -1.29996750081e-004
  -1.29996750081e-004
  -1.29996750081e-004
  -1.29996750081e-004
  -1.29996750081e-004
  -1.29996750081e-004
  -1.29996750081e-004
  -1.29996750081e-004
  -1.29996750081e-004
  -1.29996750081e-004
  -1.29996750081e-004
  -1.29996750081e-004
  -1.29996750081e-004
  -1.29996750081e-004
  -1.29996750081e-004
  -1.29996750081e-004
  -1.29996750081e-004
  -1.29996750081e-004
  -1.29996750081e-004
  -1.29996750081e-004
  -1.29996750081e-004
  -1.29996750081e-004
  -1.29996750081e-004
  -1.29996750081e-004
  -1.29996750081e-004
  -1.29996750081e-004
  -1.29996750081e-004
  -1.29996750081e-004
  -1.29996750081e-004
  -1.29996750081e-004
  -1.29996750081e-004
  -1.29996750081e-004
  -1.29996750081e-004
  -1.29996750081e-004
  -1.29996750081e-004
  -1.29996750081e-004
  -1.29996750081e-004
  -1.29996750081e-004
  -1.29996750081e-004
  -1.29996750081e-004
  -1.29996750081e-004
  -1.29996750081e-004
  -1.29996750081e-004
  -1.29996750081e-004
  -1.29996750081e-004
  -1.29996750081e-004
  -1.29996750081e-004
  -1.29996750081e-004
  -1.29996750081e-004
</dep>
<dep V2.It time>
  -1.29996750081e-004
  -1.29996750081e-004
  -1.29996750081e-004
  -1.29996750081e-004
  -1.29996750081e-004
  -1.29996750081e-004
  -1.29996750081e-004
  -1.29996750081e-004
  -1.29996750081e-004
  -1.29996750081e-004
  -1.29996750081e-004
  -1.29996750081e-004
  -1.29996750081e-004
  -1.29996750081e-004
  -1.29996750081e-004
  -1.29996750081e-004
  -1.29996750081e-004
  -1.29996750081e-004
  -1.29996750081e-004
  -1.29996750081e-004
  -1.29996750081e-004
  -1.29996750081e-004
  -1.29996750081e-004
  -1.29996750081e-004
  -1.29996750081e-004
  -1.29996750081e-004
  -1.29996750081e-004
  -1.29996750081e-004
  -1.29996750081e-004
  -1.29996750081e-004
  -1.29996750081e-004
  -1.29996750081e-004
  -1.29996750081e-004
  -1.29996750081e-004
  -1.29996750081e-004
  -1.29996750081e-004
  -1.29996750081e-004
  -1.29996750081e-004
  -1.29996750081e-004
  -1.29996750081e-004
  -1.29996750081e-004
  -1.29996750081e-004
  -1.29996750081e-004
  -1.29996750081e-004
  -1.29996750081e-004
  -1.29996750081e-004
  -1.29996750081e-004
  -1.29996750081e-004
  -1.29996750081e-004
  -1.29996750081e-004
  -1.29996750081e-004
  -1.29996750081e-004
  -1.29996750081e-004
  -1.29996750081e-004
  -1.29996750081e-004
  -1.29996750081e-004
  -1.29996750081e-004
  -1.29996750081e-004
  -1.29996750081e-004
  -1.29996750081e-004
  -1.29996750081e-004
  -1.29996750081e-004
  -1.29996750081e-004
  -1.29996750081e-004
  -1.29996750081e-004
  -1.29996750081e-004
  -1.29996750081e-004
  -1.29996750081e-004
  -1.29996750081e-004
  -1.29996750081e-004
  -1.29996750081e-004
  -1.29996750081e-004
  -1.29996750081e-004
  -1.29996750081e-004
  -1.29996750081e-004
  -1.29996750081e-004
  -1.29996750081e-004
  -1.29996750081e-004
  -1.29996750081e-004
  -1.29996750081e-004
  -1.29996750081e-004
  -1.29996750081e-004
  -1.29996750081e-004
  -1.29996750081e-004
  -1.29996750081e-004
  -1.29996750081e-004
  -1.29996750081e-004
  -1.29996750081e-004
  -1.29996750081e-004
  -1.29996750081e-004
  -1.29996750081e-004
  -1.29996750081e-004
  -1.29996750081e-004
  -1.29996750081e-004
  -1.29996750081e-004
  -1.29996750081e-004
  -1.29996750081e-004
  -1.29996750081e-004
  -1.29996750081e-004
  -1.29996750081e-004
  -1.29996750081e-004
</dep>
<dep V1.It time>
  -2.86618081934e-022
  -1.29305405195e-006
  -2.09205841761e-006
  -2.09182059957e-006
  -1.29243145140e-006
  +7.69512331650e-010
  +1.29382345213e-006
  +2.09282775747e-006
  +2.09258985112e-006
  +1.29320065855e-006
  -3.92444951579e-013
  -1.29305441556e-006
  -2.09205870001e-006
  -2.09182078191e-006
  -1.29243155405e-006
  +7.69452628321e-010
  +1.29382339169e-006
  +2.09282759156e-006
  +2.09258958889e-006
  +1.29320027646e-006
  -8.14771263654e-013
  -1.29305483838e-006
  -2.09205912279e-006
  -2.09182120464e-006
  -1.29243197673e-006
  +7.69029993747e-010
  +1.29382296911e-006
  +2.09282716902e-006
  +2.09258916639e-006
  +1.29319985401e-006
  -1.23717346439e-012
  -1.29305526074e-006
  -2.09205954510e-006
  -2.09182162690e-006
  -1.29243239894e-006
  +7.68607823802e-010
  +1.29382254698e-006
  +2.09282674694e-006
  +2.09258874436e-006
  +1.29319943202e-006
  -1.65911127658e-012
  -1.29305568263e-006
  -2.09205996694e-006
  -2.09182204870e-006
  -1.29243282070e-006
  +7.68186117966e-010
  +1.29382212532e-006
  +2.09282632533e-006
  +2.09258832280e-006
  +1.29319901050e-006
  -2.08058521724e-012
  -1.29305610406e-006
  -2.09206038832e-006
  -2.09182247004e-006
  -1.29243324198e-006
  +7.67764875780e-010
  +1.29382170413e-006
  +2.09282590418e-006
  +2.09258790169e-006
  +1.29319858945e-006
  -2.50159578343e-012
  -1.29305652502e-006
  -2.09206080924e-006
  -2.09182289091e-006
  -1.29243366281e-006
  +7.67344096699e-010
  +1.29382128339e-006
  +2.09282548349e-006
  +2.09258748105e-006
  +1.29319816885e-006
  -2.92214349880e-012
  -1.29305694552e-006
  -2.09206122970e-006
  -2.09182331132e-006
  -1.29243408317e-006
  +7.66923780246e-010
  +1.29382086312e-006
  +2.09282506327e-006
  +2.09258706087e-006
  +1.29319774872e-006
  -3.34222886355e-012
  -1.29305736556e-006
  -2.09206164969e-006
  -2.09182373126e-006
  -1.29243450307e-006
  +7.66503925869e-010
  +1.29382044332e-006
  +2.09282464351e-006
  +2.09258664116e-006
  +1.29319732905e-006
  -3.76185238750e-012
  -1.29305778514e-006
  -2.09206206922e-006
  -2.09182415075e-006
  -1.29243492251e-006
  +7.66084533051e-010
  +1.29382002397e-006
  +2.09282422421e-006
  +2.09258622190e-006
  +1.29319690984e-006
  -4.18101457899e-012
</dep>
<dep _net0.Vt time>
  +0.00000000000e+000
  +1.17557050458e-001
  +1.90211303259e-001
  +1.90211303259e-001
  +1.17557050458e-001
  +2.44921270764e-017
  -1.17557050458e-001
  -1.90211303259e-001
  -1.90211303259e-001
  -1.17557050458e-001
  -4.89842541529e-017
  +1.17557050458e-001
  +1.90211303259e-001
  +1.90211303259e-001
  +1.17557050458e-001
  +7.34763812293e-017
  -1.17557050458e-001
  -1.90211303259e-001
  -1.90211303259e-001
  -1.17557050458e-001
  -9.79685083058e-017
  +1.17557050458e-001
  +1.90211303259e-001
  +1.90211303259e-001
  +1.17557050458e-001
  +1.22460635382e-016
  -1.17557050458e-001
  -1.90211303259e-001
  -1.90211303259e-001
  -1.17557050458e-001
  -1.46952762459e-016
  +1.17557050458e-001
  +1.90211303259e-001
  +1.90211303259e-001
  +1.17557050458e-001
  +1.71444889535e-016
  -1.17557050458e-001
  -1.90211303259e-001
  -1.90211303259e-001
  -1.17557050458e-001
  -1.95937016612e-016
  +1.17557050458e-001
  +1.90211303259e-001
  +1.90211303259e-001
  +1.17557050458e-001
  +2.20429143688e-016
  -1.17557050458e-001
  -1.90211303259e-001
  -1.90211303259e-001
  -1.17557050458e-001
  -2.44921270764e-016
  +1.17557050458e-001
  +1.90211303259e-001
  +1.90211303259e-001
  +1.17557050458e-001
  -4.41129337919e-016
  -1.17557050458e-001
  -1.90211303259e-001
  -1.90211303259e-001
  -1.17557050458e-001
  -2.93905524917e-016
  +1.17557050458e-001
  +1.90211303259e-001
  +1.90211303259e-001
  +1.17557050458e-001
  +1.02894038775e-015
  -1.17557050458e-001
  -1.90211303259e-001
  -1.90211303259e-001
  -1.17557050458e-001
  -3.42889779070e-016
  +1.17557050458e-001
  +1.90211303259e-001
  +1.90211303259e-001
  +1.17557050458e-001
  -3.43160829613e-016
  -1.17557050458e-001
  -1.90211303259e-001
  -1.90211303259e-001
  -1.17557050458e-001
  -3.91874033223e-016
  +1.17557050458e-001
  +1.90211303259e-001
  +1.90211303259e-001
  +1.17557050458e-001
  -2.94176575460e-016
  -1.17557050458e-001
  -1.90211303259e-001
  -1.90211303259e-001
  -1.17557050458e-001
  -4.40858287376e-016
  +1.17557050458e-001
  +1.90211303259e-001
  +1.90211303259e-001
  +1.17557050458e-001
  +1.17589315021e-015
  -1.17557050458e-001
  -1.90211303259e-001
  -1.90211303259e-001
  -1.17557050458e-001
  -4.89842541529e-016
</dep>
<dep fertig.Vt time>
  -1.50015795807e+000
  -1.45009606626e+000
  -1.36951446056e+000
  -1.32373960314e+000
  -1.34077270533e+000
  -1.41729698164e+000
  -1.52509248055e+000
  -1.62320604295e+000
  -1.67431665139e+000
  -1.65890751366e+000
  -1.58287514396e+000
  -1.47522716785e+000
  -1.37713008147e+000
  -1.32604311595e+000
  -1.34147676451e+000
  -1.41753498577e+000
  -1.52516584507e+000
  -1.62325792637e+000
  -1.67434336194e+000
  -1.65890924286e+000
  -1.58285087392e+000
  -1.47521996417e+000
  -1.37712786114e+000
  -1.32604241310e+000
  -1.34147652376e+000
  -1.41753488573e+000
  -1.52516578789e+000
  -1.62325788224e+000
  -1.67434332179e+000
  -1.65890920392e+000
  -1.58285083535e+000
  -1.47521992572e+000
  -1.37712782273e+000
  -1.32604237471e+000
  -1.34147648537e+000
  -1.41753484735e+000
  -1.52516574951e+000
  -1.62325784386e+000
  -1.67434328342e+000
  -1.65890916556e+000
  -1.58285079699e+000
  -1.47521988737e+000
  -1.37712778438e+000
  -1.32604233636e+000
  -1.34147644702e+000
  -1.41753480901e+000
  -1.52516571117e+000
  -1.62325780553e+000
  -1.67434324509e+000
  -1.65890912723e+000
  -1.58285075867e+000
  -1.47521984905e+000
  -1.37712774607e+000
  -1.32604229805e+000
  -1.34147640872e+000
  -1.41753477071e+000
  -1.52516567288e+000
  -1.62325776724e+000
  -1.67434320680e+000
  -1.65890908895e+000
  -1.58285072040e+000
  -1.47521981078e+000
  -1.37712770780e+000
  -1.32604225979e+000
  -1.34147637046e+000
  -1.41753473246e+000
  -1.52516563463e+000
  -1.62325772899e+000
  -1.67434316856e+000
  -1.65890905071e+000
  -1.58285068216e+000
  -1.47521977255e+000
  -1.37712766958e+000
  -1.32604222157e+000
  -1.34147633224e+000
  -1.41753469424e+000
  -1.52516559642e+000
  -1.62325769079e+000
  -1.67434313036e+000
  -1.65890901252e+000
  -1.58285064397e+000
  -1.47521973436e+000
  -1.37712763139e+000
  -1.32604218339e+000
  -1.34147629407e+000
  -1.41753465607e+000
  -1.52516555825e+000
  -1.62325765262e+000
  -1.67434309220e+000
  -1.65890897436e+000
  -1.58285060582e+000
  -1.47521969621e+000
  -1.37712759325e+000
  -1.32604214525e+000
  -1.34147625593e+000
  -1.41753461794e+000
  -1.52516552012e+000
  -1.62325761450e+000
  -1.67434305408e+000
  -1.65890893625e+000
  -1.58285056771e+000
</dep>
<dep verst.Vt time>
  -1.50015795807e+000
  -1.38260783025e+000
  -1.30997121794e+000
  -1.30999283772e+000
  -1.38266443019e+000
  -1.50022791359e+000
  -1.61777803027e+000
  -1.69041463557e+000
  -1.69039300778e+000
  -1.61772141279e+000
  -1.50015792239e+000
  -1.38260779720e+000
  -1.30997119226e+000
  -1.30999282114e+000
  -1.38266442086e+000
  -1.50022790816e+000
  -1.61777802478e+000
  -1.69041462050e+000
  -1.69039298394e+000
  -1.61772137806e+000
  -1.50015788400e+000
  -1.38260775876e+000
  -1.30997115383e+000
  -1.30999278271e+000
  -1.38266438243e+000
  -1.50022786974e+000
  -1.61777798636e+000
  -1.69041458209e+000
  -1.69039294553e+000
  -1.61772133965e+000
  -1.50015784560e+000
  -1.38260772036e+000
  -1.30997111544e+000
  -1.30999274432e+000
  -1.38266434405e+000
  -1.50022783136e+000
  -1.61777794799e+000
  -1.69041454372e+000
  -1.69039290716e+000
  -1.61772130129e+000
  -1.50015780724e+000
  -1.38260768201e+000
  -1.30997107709e+000
  -1.30999270598e+000
  -1.38266430571e+000
  -1.50022779303e+000
  -1.61777790965e+000
  -1.69041450539e+000
  -1.69039286884e+000
  -1.61772126297e+000
  -1.50015776893e+000
  -1.38260764370e+000
  -1.30997103878e+000
  -1.30999266767e+000
  -1.38266426741e+000
  -1.50022775473e+000
  -1.61777787136e+000
  -1.69041446710e+000
  -1.69039283056e+000
  -1.61772122469e+000
  -1.50015773065e+000
  -1.38260760543e+000
  -1.30997100052e+000
  -1.30999262941e+000
  -1.38266422915e+000
  -1.50022771648e+000
  -1.61777783311e+000
  -1.69041442886e+000
  -1.69039279232e+000
  -1.61772118646e+000
  -1.50015769242e+000
  -1.38260756720e+000
  -1.30997096229e+000
  -1.30999259119e+000
  -1.38266419093e+000
  -1.50022767827e+000
  -1.61777779491e+000
  -1.69041439065e+000
  -1.69039275412e+000
  -1.61772114826e+000
  -1.50015765423e+000
  -1.38260752902e+000
  -1.30997092411e+000
  -1.30999255302e+000
  -1.38266415276e+000
  -1.50022764010e+000
  -1.61777775674e+000
  -1.69041435249e+000
  -1.69039271596e+000
  -1.61772111011e+000
  -1.50015761608e+000
  -1.38260749087e+000
  -1.30997088597e+000
  -1.30999251488e+000
  -1.38266411463e+000
  -1.50022760197e+000
  -1.61777771862e+000
  -1.69041431438e+000
  -1.69039267785e+000
  -1.61772107200e+000
  -1.50015757798e+000
</dep>
<dep _net6.Vt time>
  +1.51262191617e-006
  +5.87765765300e-002
  +9.50948826872e-002
  +9.50840727986e-002
  +5.87482765631e-002
  -3.34651396358e-005
  -5.88085234776e-002
  -9.51268261306e-002
  -9.51160122320e-002
  -5.87802147403e-002
  +1.53046028650e-006
  +5.87765930580e-002
  +9.50948955238e-002
  +9.50840810868e-002
  +5.87482812288e-002
  -3.34624258476e-005
  -5.88085207328e-002
  -9.51268185933e-002
  -9.51160003123e-002
  -5.87801973713e-002
  +1.54965689769e-006
  +5.87766122771e-002
  +9.50949147408e-002
  +9.50841003016e-002
  +5.87483004415e-002
  -3.34432152239e-005
  -5.88085015243e-002
  -9.51267993869e-002
  -9.51159811080e-002
  -5.87801781691e-002
  +1.56885695834e-006
  +5.87766314750e-002
  +9.50949339366e-002
  +9.50841194954e-002
  +5.87483196331e-002
  -3.34240257204e-005
  -5.88084823369e-002
  -9.51267802016e-002
  -9.51159619248e-002
  -5.87801589881e-002
  +1.58803591044e-006
  +5.87766506519e-002
  +9.50949531114e-002
  +9.50841386680e-002
  +5.87483388036e-002
  -3.34048573136e-005
  -5.88084631706e-002
  -9.51267610374e-002
  -9.51159427628e-002
  -5.87801398281e-002
  +1.60719377762e-006
  +5.87766698076e-002
  +9.50949722650e-002
  +9.50841578195e-002
  +5.87483579531e-002
  -3.33857099810e-005
  -5.88084440254e-002
  -9.51267418943e-002
  -9.51159236217e-002
  -5.87801206892e-002
  +1.62633058221e-006
  +5.87766889423e-002
  +9.50949913976e-002
  +9.50841769500e-002
  +5.87483770815e-002
  -3.33665836977e-005
  -5.88084249012e-002
  -9.51267227722e-002
  -9.51159045018e-002
  -5.87801015713e-002
  +1.64544634829e-006
  +5.87767080560e-002
  +9.50950105092e-002
  +9.50841960595e-002
  +5.87483961888e-002
  -3.33474784431e-005
  -5.88084057980e-002
  -9.51267036712e-002
  -9.51158854028e-002
  -5.87800824745e-002
  +1.66454109851e-006
  +5.87767271486e-002
  +9.50950295997e-002
  +9.50842151479e-002
  +5.87484152752e-002
  -3.33283941922e-005
  -5.88083867159e-002
  -9.51266845911e-002
  -9.51158663249e-002
  -5.87800633986e-002
  +1.68361485597e-006
  +5.87767462203e-002
  +9.50950486693e-002
  +9.50842342154e-002
  +5.87484343405e-002
  -3.33093309217e-005
  -5.88083676547e-002
  -9.51266655321e-002
  -9.51158472679e-002
  -5.87800443437e-002
  +1.70266764365e-006
</dep>
<dep _net7.Vt time>
  +6.12880790929e-018
  +5.87751841792e-002
  +9.50935644365e-002
  +9.50827545259e-002
  +5.87468841545e-002
  -3.49778332628e-005
  -5.88101569126e-002
  -9.51285344264e-002
  -9.51177205054e-002
  -5.87818481171e-002
  +1.78384069145e-008
  +5.87752007072e-002
  +9.50935772732e-002
  +9.50827628141e-002
  +5.87468888202e-002
  -3.49751194690e-005
  -5.88101541678e-002
  -9.51285268890e-002
  -9.51177085857e-002
  -5.87818307480e-002
  +3.70350574605e-008
  +5.87752199264e-002
  +9.50935964902e-002
  +9.50827820290e-002
  +5.87469080330e-002
  -3.49559088060e-005
  -5.88101349592e-002
  -9.51285076826e-002
  -9.51176893814e-002
  -5.87818115458e-002
  +5.62351574722e-008
  +5.87752391243e-002
  +9.50936156860e-002
  +9.50828012227e-002
  +5.87469272246e-002
  -3.49367192631e-005
  -5.88101157718e-002
  -9.51284884973e-002
  -9.51176701982e-002
  -5.87817923647e-002
  +7.54141488901e-008
  +5.87752583012e-002
  +9.50936348608e-002
  +9.50828203954e-002
  +5.87469463952e-002
  -3.49175508171e-005
  -5.88100966055e-002
  -9.51284693330e-002
  -9.51176510360e-002
  -5.87817732047e-002
  +9.45720553488e-008
  +5.87752774570e-002
  +9.50936540145e-002
  +9.50828395470e-002
  +5.87469655446e-002
  -3.48984034452e-005
  -5.88100774602e-002
  -9.51284501899e-002
  -9.51176318950e-002
  -5.87817540657e-002
  +1.13708899168e-007
  +5.87752965918e-002
  +9.50936731471e-002
  +9.50828586775e-002
  +5.87469846731e-002
  -3.48792771226e-005
  -5.88100583360e-002
  -9.51284310678e-002
  -9.51176127750e-002
  -5.87817349478e-002
  +1.32824704440e-007
  +5.87753157055e-002
  +9.50936922587e-002
  +9.50828777870e-002
  +5.87470037805e-002
  -3.48601718289e-005
  -5.88100392328e-002
  -9.51284119667e-002
  -9.51175936760e-002
  -5.87817158509e-002
  +1.51919493813e-007
  +5.87753347982e-002
  +9.50937113493e-002
  +9.50828968755e-002
  +5.87470228669e-002
  -3.48410875389e-005
  -5.88100201506e-002
  -9.51283928866e-002
  -9.51175745980e-002
  -5.87816967750e-002
  +1.70993290341e-007
  +5.87753538699e-002
  +9.50937304189e-002
  +9.50829159430e-002
  +5.87470419323e-002
  -3.48220242293e-005
  -5.88100010894e-002
  -9.51283738275e-002
  -9.51175555410e-002
  -5.87816777201e-002
  +1.90046117123e-007
</dep>
<dep MUX2V.Vt time>
  +3.83042042309e-018
  +1.17550368358e-001
  +1.90187128873e-001
  +1.90165509052e-001
  +1.17493768309e-001
  -6.99556665257e-005
  -1.17620313825e-001
  -1.90257068853e-001
  -1.90235441011e-001
  -1.17563696234e-001
  +3.56768138111e-008
  +1.17550401414e-001
  +1.90187154546e-001
  +1.90165525628e-001
  +1.17493777640e-001
  -6.99502389380e-005
  -1.17620308336e-001
  -1.90257053778e-001
  -1.90235417171e-001
  -1.17563661496e-001
  +7.40701149044e-008
  +1.17550439853e-001
  +1.90187192980e-001
  +1.90165564058e-001
  +1.17493816066e-001
  -6.99118176121e-005
  -1.17620269918e-001
  -1.90257015365e-001
  -1.90235378763e-001
  -1.17563623092e-001
  +1.12470314944e-007
  +1.17550478249e-001
  +1.90187231372e-001
  +1.90165602445e-001
  +1.17493854449e-001
  -6.98734385261e-005
  -1.17620231544e-001
  -1.90256976995e-001
  -1.90235340396e-001
  -1.17563584729e-001
  +1.50828297868e-007
  +1.17550516602e-001
  +1.90187269722e-001
  +1.90165640791e-001
  +1.17493892790e-001
  -6.98351016341e-005
  -1.17620193211e-001
  -1.90256938666e-001
  -1.90235302072e-001
  -1.17563546409e-001
  +1.89144110660e-007
  +1.17550554914e-001
  +1.90187308029e-001
  +1.90165679094e-001
  +1.17493931089e-001
  -6.97968068901e-005
  -1.17620154920e-001
  -1.90256900380e-001
  -1.90235263790e-001
  -1.17563508131e-001
  +2.27417798477e-007
  +1.17550593184e-001
  +1.90187346294e-001
  +1.90165717355e-001
  +1.17493969346e-001
  -6.97585542453e-005
  -1.17620116672e-001
  -1.90256862136e-001
  -1.90235225550e-001
  -1.17563469896e-001
  +2.65649408947e-007
  +1.17550631411e-001
  +1.90187384517e-001
  +1.90165755574e-001
  +1.17494007561e-001
  -6.97203436578e-005
  -1.17620078466e-001
  -1.90256823933e-001
  -1.90235187352e-001
  -1.17563431702e-001
  +3.03838987568e-007
  +1.17550669596e-001
  +1.90187422699e-001
  +1.90165793751e-001
  +1.17494045734e-001
  -6.96821750777e-005
  -1.17620040301e-001
  -1.90256785773e-001
  -1.90235149196e-001
  -1.17563393550e-001
  +3.41986580682e-007
  +1.17550707740e-001
  +1.90187460838e-001
  +1.90165831886e-001
  +1.17494083865e-001
  -6.96440484585e-005
  -1.17620002179e-001
  -1.90256747655e-001
  -1.90235111082e-001
  -1.17563355440e-001
  +3.80092234424e-007
</dep>
<dep imp.Vt time>
  +1.50016098331e+000
  +1.50016098331e+000
  +1.50016098331e+000
  +1.50016098331e+000
  +1.50016098331e+000
  +1.50016098331e+000
  +1.50016098331e+000
  +1.50016098331e+000
  +1.50016098331e+000
  +1.50016098331e+000
  +1.50016098331e+000
  +1.50016098331e+000
  +1.50016098331e+000
  +1.50016098331e+000
  +1.50016098331e+000
  +1.50016098331e+000
  +1.50016098331e+000
  +1.50016098331e+000
  +1.50016098331e+000
  +1.50016098331e+000
  +1.50016098331e+000
  +1.50016098331e+000
  +1.50016098331e+000
  +1.50016098331e+000
  +1.50016098331e+000
  +1.50016098331e+000
  +1.50016098331e+000
  +1.50016098331e+000
  +1.50016098331e+000
  +1.50016098331e+000
  +1.50016098331e+000
  +1.50016098331e+000
  +1.50016098331e+000
  +1.50016098331e+000
  +1.50016098331e+000
  +1.50016098331e+000
  +1.50016098331e+000
  +1.50016098331e+000
  +1.50016098331e+000
  +1.50016098331e+000
  +1.50016098331e+000
  +1.50016098331e+000
  +1.50016098331e+000
  +1.50016098331e+000
  +1.50016098331e+000
  +1.50016098331e+000
  +1.50016098331e+000
  +1.50016098331e+000
  +1.50016098331e+000
  +1.50016098331e+000
  +1.50016098331e+000
  +1.50016098331e+000
  +1.50016098331e+000
  +1.50016098331e+000
  +1.50016098331e+000
  +1.50016098331e+000
  +1.50016098331e+000
  +1.50016098331e+000
  +1.50016098331e+000
  +1.50016098331e+000
  +1.50016098331e+000
  +1.50016098331e+000
  +1.50016098331e+000
  +1.50016098331e+000
  +1.50016098331e+000
  +1.50016098331e+000
  +1.50016098331e+000
  +1.50016098331e+000
  +1.50016098331e+000
  +1.50016098331e+000
  +1.50016098331e+000
  +1.50016098331e+000
  +1.50016098331e+000
  +1.50016098331e+000
  +1.50016098331e+000
  +1.50016098331e+000
  +1.50016098331e+000
  +1.50016098331e+000
  +1.50016098331e+000
  +1.50016098331e+000
  +1.50016098331e+000
  +1.50016098331e+000
  +1.50016098331e+000
  +1.50016098331e+000
  +1.50016098331e+000
  +1.50016098331e+000
  +1.50016098331e+000
  +1.50016098331e+000
  +1.50016098331e+000
  +1.50016098331e+000
  +1.50016098331e+000
  +1.50016098331e+000
  +1.50016098331e+000
  +1.50016098331e+000
  +1.50016098331e+000
  +1.50016098331e+000
  +1.50016098331e+000
  +1.50016098331e+000
  +1.50016098331e+000
  +1.50016098331e+000
  +1.50016098331e+000
</dep>
<dep offset.Vt time>
  +1.50016249594e+000
  +1.50016249594e+000
  +1.50016249594e+000
  +1.50016249594e+000
  +1.50016249594e+000
  +1.50016249594e+000
  +1.50016249594e+000
  +1.50016249594e+000
  +1.50016249594e+000
  +1.50016249594e+000
  +1.50016249594e+000
  +1.50016249594e+000
  +1.50016249594e+000
  +1.50016249594e+000
  +1.50016249594e+000
  +1.50016249594e+000
  +1.50016249594e+000
  +1.50016249594e+000
  +1.50016249594e+000
  +1.50016249594e+000
  +1.50016249594e+000
  +1.50016249594e+000
  +1.50016249594e+000
  +1.50016249594e+000
  +1.50016249594e+000
  +1.50016249594e+000
  +1.50016249594e+000
  +1.50016249594e+000
  +1.50016249594e+000
  +1.50016249594e+000
  +1.50016249594e+000
  +1.50016249594e+000
  +1.50016249594e+000
  +1.50016249594e+000
  +1.50016249594e+000
  +1.50016249594e+000
  +1.50016249594e+000
  +1.50016249594e+000
  +1.50016249594e+000
  +1.50016249594e+000
  +1.50016249594e+000
  +1.50016249594e+000
  +1.50016249594e+000
  +1.50016249594e+000
  +1.50016249594e+000
  +1.50016249594e+000
  +1.50016249594e+000
  +1.50016249594e+000
  +1.50016249594e+000
  +1.50016249594e+000
  +1.50016249594e+000
  +1.50016249594e+000
  +1.50016249594e+000
  +1.50016249594e+000
  +1.50016249594e+000
  +1.50016249594e+000
  +1.50016249594e+000
  +1.50016249594e+000
  +1.50016249594e+000
  +1.50016249594e+000
  +1.50016249594e+000
  +1.50016249594e+000
  +1.50016249594e+000
  +1.50016249594e+000
  +1.50016249594e+000
  +1.50016249594e+000
  +1.50016249594e+000
  +1.50016249594e+000
  +1.50016249594e+000
  +1.50016249594e+000
  +1.50016249594e+000
  +1.50016249594e+000
  +1.50016249594e+000
  +1.50016249594e+000
  +1.50016249594e+000
  +1.50016249594e+000
  +1.50016249594e+000
  +1.50016249594e+000
  +1.50016249594e+000
  +1.50016249594e+000
  +1.50016249594e+000
  +1.50016249594e+000
  +1.50016249594e+000
  +1.50016249594e+000
  +1.50016249594e+000
  +1.50016249594e+000
  +1.50016249594e+000
  +1.50016249594e+000
  +1.50016249594e+000
  +1.50016249594e+000
  +1.50016249594e+000
  +1.50016249594e+000
  +1.50016249594e+000
  +1.50016249594e+000
  +1.50016249594e+000
  +1.50016249594e+000
  +1.50016249594e+000
  +1.50016249594e+000
  +1.50016249594e+000
  +1.50016249594e+000
  +1.50016249594e+000
</dep>
<dep _net4.Vt time>
  -8.00000000000e+000
  -8.00000000000e+000
  -8.00000000000e+000
  -8.00000000000e+000
  -8.00000000000e+000
  -8.00000000000e+000
  -8.00000000000e+000
  -8.00000000000e+000
  -8.00000000000e+000
  -8.00000000000e+000
  -8.00000000000e+000
  -8.00000000000e+000
  -8.00000000000e+000
  -8.00000000000e+000
  -8.00000000000e+000
  -8.00000000000e+000
  -8.00000000000e+000
  -8.00000000000e+000
  -8.00000000000e+000
  -8.00000000000e+000
  -8.00000000000e+000
  -8.00000000000e+000
  -8.00000000000e+000
  -8.00000000000e+000
  -8.00000000000e+000
  -8.00000000000e+000
  -8.00000000000e+000
  -8.00000000000e+000
  -8.00000000000e+000
  -8.00000000000e+000
  -8.00000000000e+000
  -8.00000000000e+000
  -8.00000000000e+000
  -8.00000000000e+000
  -8.00000000000e+000
  -8.00000000000e+000
  -8.00000000000e+000
  -8.00000000000e+000
  -8.00000000000e+000
  -8.00000000000e+000
  -8.00000000000e+000
  -8.00000000000e+000
  -8.00000000000e+000
  -8.00000000000e+000
  -8.00000000000e+000
  -8.00000000000e+000
  -8.00000000000e+000
  -8.00000000000e+000
  -8.00000000000e+000
  -8.00000000000e+000
  -8.00000000000e+000
  -8.00000000000e+000
  -8.00000000000e+000
  -8.00000000000e+000
  -8.00000000000e+000
  -8.00000000000e+000
  -8.00000000000e+000
  -8.00000000000e+000
  -8.00000000000e+000
  -8.00000000000e+000
  -8.00000000000e+000
  -8.00000000000e+000
  -8.00000000000e+000
  -8.00000000000e+000
  -8.00000000000e+000
  -8.00000000000e+000
  -8.00000000000e+000
  -8.00000000000e+000
  -8.00000000000e+000
  -8.00000000000e+000
  -8.00000000000e+000
  -8.00000000000e+000
  -8.00000000000e+000
  -8.00000000000e+000
  -8.00000000000e+000
  -8.00000000000e+000
  -8.00000000000e+000
  -8.00000000000e+000
  -8.00000000000e+000
  -8.00000000000e+000
  -8.00000000000e+000
  -8.00000000000e+000
  -8.00000000000e+000
  -8.00000000000e+000
  -8.00000000000e+000
  -8.00000000000e+000
  -8.00000000000e+000
  -8.00000000000e+000
  -8.00000000000e+000
  -8.00000000000e+000
  -8.00000000000e+000
  -8.00000000000e+000
  -8.00000000000e+000
  -8.00000000000e+000
  -8.00000000000e+000
  -8.00000000000e+000
  -8.00000000000e+000
  -8.00000000000e+000
  -8.00000000000e+000
  -8.00000000000e+000
  -8.00000000000e+000
</dep>
<dep _net5.Vt time>
  +8.00000000000e+000
  +8.00000000000e+000
  +8.00000000000e+000
  +8.00000000000e+000
  +8.00000000000e+000
  +8.00000000000e+000
  +8.00000000000e+000
  +8.00000000000e+000
  +8.00000000000e+000
  +8.00000000000e+000
  +8.00000000000e+000
  +8.00000000000e+000
  +8.00000000000e+000
  +8.00000000000e+000
  +8.00000000000e+000
  +8.00000000000e+000
  +8.00000000000e+000
  +8.00000000000e+000
  +8.00000000000e+000
  +8.00000000000e+000
  +8.00000000000e+000
  +8.00000000000e+000
  +8.00000000000e+000
  +8.00000000000e+000
  +8.00000000000e+000
  +8.00000000000e+000
  +8.00000000000e+000
  +8.00000000000e+000
  +8.00000000000e+000
  +8.00000000000e+000
  +8.00000000000e+000
  +8.00000000000e+000
  +8.00000000000e+000
  +8.00000000000e+000
  +8.00000000000e+000
  +8.00000000000e+000
  +8.00000000000e+000
  +8.00000000000e+000
  +8.00000000000e+000
  +8.00000000000e+000
  +8.00000000000e+000
  +8.00000000000e+000
  +8.00000000000e+000
  +8.00000000000e+000
  +8.00000000000e+000
  +8.00000000000e+000
  +8.00000000000e+000
  +8.00000000000e+000
  +8.00000000000e+000
  +8.00000000000e+000
  +8.00000000000e+000
  +8.00000000000e+000
  +8.00000000000e+000
  +8.00000000000e+000
  +8.00000000000e+000
  +8.00000000000e+000
  +8.00000000000e+000
  +8.00000000000e+000
  +8.00000000000e+000
  +8.00000000000e+000
  +8.00000000000e+000
  +8.00000000000e+000
  +8.00000000000e+000
  +8.00000000000e+000
  +8.00000000000e+000
  +8.00000000000e+000
  +8.00000000000e+000
  +8.00000000000e+000
  +8.00000000000e+000
  +8.00000000000e+000
  +8.00000000000e+000
  +8.00000000000e+000
  +8.00000000000e+000
  +8.00000000000e+000
  +8.00000000000e+000
  +8.00000000000e+000
  +8.00000000000e+000
  +8.00000000000e+000
  +8.00000000000e+000
  +8.00000000000e+000
  +8.00000000000e+000
  +8.00000000000e+000
  +8.00000000000e+000
  +8.00000000000e+000
  +8.00000000000e+000
  +8.00000000000e+000
  +8.00000000000e+000
  +8.00000000000e+000
  +8.00000000000e+000
  +8.00000000000e+000
  +8.00000000000e+000
  +8.00000000000e+000
  +8.00000000000e+000
  +8.00000000000e+000
  +8.00000000000e+000
  +8.00000000000e+000
  +8.00000000000e+000
  +8.00000000000e+000
  +8.00000000000e+000
  +8.00000000000e+000
  +8.00000000000e+000
</dep>
<dep _net3.Vt time>
  -4.99967500812e+000
  -4.99967500812e+000
  -4.99967500812e+000
  -4.99967500812e+000
  -4.99967500812e+000
  -4.99967500812e+000
  -4.99967500812e+000
  -4.99967500812e+000
  -4.99967500812e+000
  -4.99967500812e+000
  -4.99967500812e+000
  -4.99967500812e+000
  -4.99967500812e+000
  -4.99967500812e+000
  -4.99967500812e+000
  -4.99967500812e+000
  -4.99967500812e+000
  -4.99967500812e+000
  -4.99967500812e+000
  -4.99967500812e+000
  -4.99967500812e+000
  -4.99967500812e+000
  -4.99967500812e+000
  -4.99967500812e+000
  -4.99967500812e+000
  -4.99967500812e+000
  -4.99967500812e+000
  -4.99967500812e+000
  -4.99967500812e+000
  -4.99967500812e+000
  -4.99967500812e+000
  -4.99967500812e+000
  -4.99967500812e+000
  -4.99967500812e+000
  -4.99967500812e+000
  -4.99967500812e+000
  -4.99967500812e+000
  -4.99967500812e+000
  -4.99967500812e+000
  -4.99967500812e+000
  -4.99967500812e+000
  -4.99967500812e+000
  -4.99967500812e+000
  -4.99967500812e+000
  -4.99967500812e+000
  -4.99967500812e+000
  -4.99967500812e+000
  -4.99967500812e+000
  -4.99967500812e+000
  -4.99967500812e+000
  -4.99967500812e+000
  -4.99967500812e+000
  -4.99967500812e+000
  -4.99967500812e+000
  -4.99967500812e+000
  -4.99967500812e+000
  -4.99967500812e+000
  -4.99967500812e+000
  -4.99967500812e+000
  -4.99967500812e+000
  -4.99967500812e+000
  -4.99967500812e+000
  -4.99967500812e+000
  -4.99967500812e+000
  -4.99967500812e+000
  -4.99967500812e+000
  -4.99967500812e+000
  -4.99967500812e+000
  -4.99967500812e+000
  -4.99967500812e+000
  -4.99967500812e+000
  -4.99967500812e+000
  -4.99967500812e+000
  -4.99967500812e+000
  -4.99967500812e+000
  -4.99967500812e+000
  -4.99967500812e+000
  -4.99967500812e+000
  -4.99967500812e+000
  -4.99967500812e+000
  -4.99967500812e+000
  -4.99967500812e+000
  -4.99967500812e+000
  -4.99967500812e+000
  -4.99967500812e+000
  -4.99967500812e+000
  -4.99967500812e+000
  -4.99967500812e+000
  -4.99967500812e+000
  -4.99967500812e+000
  -4.99967500812e+000
  -4.99967500812e+000
  -4.99967500812e+000
  -4.99967500812e+000
  -4.99967500812e+000
  -4.99967500812e+000
  -4.99967500812e+000
  -4.99967500812e+000
  -4.99967500812e+000
  -4.99967500812e+000
  -4.99967500812e+000
</dep>
<dep _net2.Vt time>
  +3.83034381621e-018
  +1.17547968721e-001
  +1.90183110408e-001
  +1.90161491096e-001
  +1.17491369875e-001
  -6.99542674403e-005
  -1.17617912701e-001
  -1.90253048742e-001
  -1.90231421409e-001
  -1.17561296313e-001
  +3.56761002891e-008
  +1.17548001776e-001
  +1.90183136081e-001
  +1.90161507672e-001
  +1.17491379206e-001
  -6.99488399612e-005
  -1.17617907211e-001
  -1.90253033667e-001
  -1.90231397570e-001
  -1.17561261576e-001
  +7.40686335317e-008
  +1.17548040214e-001
  +1.90183174514e-001
  +1.90161546101e-001
  +1.17491417631e-001
  -6.99104194037e-005
  -1.17617868795e-001
  -1.90252995255e-001
  -1.90231359162e-001
  -1.17561223172e-001
  +1.12468065583e-007
  +1.17548078609e-001
  +1.90183212905e-001
  +1.90161584488e-001
  +1.17491456013e-001
  -6.98720410853e-005
  -1.17617830421e-001
  -1.90252956885e-001
  -1.90231320797e-001
  -1.17561184811e-001
  +1.50825281362e-007
  +1.17548116962e-001
  +1.90183251254e-001
  +1.90161622832e-001
  +1.17491494354e-001
  -6.98337049600e-005
  -1.17617792089e-001
  -1.90252918558e-001
  -1.90231282473e-001
  -1.17561146492e-001
  +1.89140327853e-007
  +1.17548155273e-001
  +1.90183289560e-001
  +1.90161661134e-001
  +1.17491532652e-001
  -6.97954109819e-005
  -1.17617753799e-001
  -1.90252880272e-001
  -1.90231244192e-001
  -1.17561108215e-001
  +2.27413250212e-007
  +1.17548193541e-001
  +1.90183327824e-001
  +1.90161699394e-001
  +1.17491570908e-001
  -6.97571591021e-005
  -1.17617715551e-001
  -1.90252842029e-001
  -1.90231205953e-001
  -1.17561069980e-001
  +2.65644096065e-007
  +1.17548231768e-001
  +1.90183366047e-001
  +1.90161737612e-001
  +1.17491609122e-001
  -6.97189492788e-005
  -1.17617677346e-001
  -1.90252803828e-001
  -1.90231167756e-001
  -1.17561031787e-001
  +3.03832910910e-007
  +1.17548269952e-001
  +1.90183404227e-001
  +1.90161775789e-001
  +1.17491647294e-001
  -6.96807814620e-005
  -1.17617639182e-001
  -1.90252765669e-001
  -1.90231129601e-001
  -1.17560993636e-001
  +3.41979741087e-007
  +1.17548308095e-001
  +1.90183442365e-001
  +1.90161813923e-001
  +1.17491685424e-001
  -6.96426556053e-005
  -1.17617601061e-001
  -1.90252727551e-001
  -1.90231091488e-001
  -1.17560955527e-001
  +3.80084632731e-007
</dep>
<dep MUX01V.Vt time>
  +7.66068763242e-017
  +2.35095937442e+000
  +3.80366220817e+000
  +3.80322982192e+000
  +2.34982739750e+000
  -1.39908534881e-003
  -2.35235825401e+000
  -3.80506097483e+000
  -3.80462842818e+000
  -2.35122592627e+000
  +7.13522005781e-007
  +2.35096003553e+000
  +3.80366272162e+000
  +3.80323015344e+000
  +2.34982758412e+000
  -1.39897679922e-003
  -2.35235814422e+000
  -3.80506067334e+000
  -3.80462795140e+000
  -2.35122523152e+000
  +1.48137267063e-006
  +2.35096080427e+000
  +3.80366349028e+000
  +3.80323092202e+000
  +2.34982835262e+000
  -1.39820838807e-003
  -2.35235737589e+000
  -3.80505990510e+000
  -3.80462718324e+000
  -2.35122446345e+000
  +2.24936131166e-006
  +2.35096157218e+000
  +3.80366425810e+000
  +3.80323168975e+000
  +2.34982912027e+000
  -1.39744082171e-003
  -2.35235660841e+000
  -3.80505913771e+000
  -3.80462641593e+000
  -2.35122369622e+000
  +3.01650562725e-006
  +2.35096233924e+000
  +3.80366502507e+000
  +3.80323245664e+000
  +2.34982988707e+000
  -1.39667409920e-003
  -2.35235584178e+000
  -3.80505837116e+000
  -3.80462564947e+000
  -2.35122292983e+000
  +3.78280655707e-006
  +2.35096310545e+000
  +3.80366579120e+000
  +3.80323322268e+000
  +2.34983065304e+000
  -1.39590821964e-003
  -2.35235507598e+000
  -3.80505760545e+000
  -3.80462488384e+000
  -2.35122216429e+000
  +4.54826500424e-006
  +2.35096387083e+000
  +3.80366655649e+000
  +3.80323398789e+000
  +2.34983141816e+000
  -1.39514318204e-003
  -2.35235431103e+000
  -3.80505684058e+000
  -3.80462411906e+000
  -2.35122139959e+000
  +5.31288192129e-006
  +2.35096463536e+000
  +3.80366732094e+000
  +3.80323475225e+000
  +2.34983218244e+000
  -1.39437898558e-003
  -2.35235354692e+000
  -3.80505607656e+000
  -3.80462335512e+000
  -2.35122063573e+000
  +6.07665821820e-006
  +2.35096539905e+000
  +3.80366808454e+000
  +3.80323551577e+000
  +2.34983294588e+000
  -1.39361562924e-003
  -2.35235278365e+000
  -3.80505531337e+000
  -3.80462259202e+000
  -2.35121987271e+000
  +6.83959482174e-006
  +2.35096616190e+000
  +3.80366884731e+000
  +3.80323627845e+000
  +2.34983370848e+000
  -1.39285311211e-003
  -2.35235202121e+000
  -3.80505455102e+000
  -3.80462182975e+000
  -2.35121911053e+000
  +7.60169265462e-006
</dep>
<dep MUX1V.Vt time>
  +7.66081020293e-018
  +2.35099795557e-001
  +3.80372733028e-001
  +3.80329493560e-001
  +2.34986595912e-001
  -1.39910773408e-004
  -2.35239685930e-001
  -3.80512612425e-001
  -3.80469356915e-001
  -2.35126451202e-001
  +7.13533422087e-008
  +2.35099861669e-001
  +3.80372784375e-001
  +3.80329526712e-001
  +2.34986614575e-001
  -1.39899918276e-004
  -2.35239674950e-001
  -3.80512582275e-001
  -3.80469309236e-001
  -2.35126381725e-001
  +1.48139637250e-007
  +2.35099938545e-001
  +3.80372861242e-001
  +3.80329603572e-001
  +2.34986691425e-001
  -1.39823075932e-004
  -2.35239598116e-001
  -3.80512505450e-001
  -3.80469232419e-001
  -2.35126304917e-001
  +2.24939730130e-007
  +2.35100015337e-001
  +3.80372938025e-001
  +3.80329680346e-001
  +2.34986768192e-001
  -1.39746318067e-004
  -2.35239521367e-001
  -3.80512428709e-001
  -3.80469155687e-001
  -2.35126228193e-001
  +3.01655389114e-007
  +2.35100092044e-001
  +3.80373014724e-001
  +3.80329757037e-001
  +2.34986844874e-001
  -1.39669644590e-004
  -2.35239444702e-001
  -3.80512352052e-001
  -3.80469079039e-001
  -2.35126151553e-001
  +3.78286708173e-007
  +2.35100168667e-001
  +3.80373091339e-001
  +3.80329833643e-001
  +2.34986921471e-001
  -1.39593055408e-004
  -2.35239368121e-001
  -3.80512275480e-001
  -3.80469002475e-001
  -2.35126074998e-001
  +4.54833777619e-007
  +2.35100245205e-001
  +3.80373167869e-001
  +3.80329910165e-001
  +2.34986997985e-001
  -1.39516550424e-004
  -2.35239291625e-001
  -3.80512198992e-001
  -3.80468925995e-001
  -2.35125998526e-001
  +5.31296692706e-007
  +2.35100321660e-001
  +3.80373244315e-001
  +3.80329986602e-001
  +2.34987074414e-001
  -1.39440129555e-004
  -2.35239215212e-001
  -3.80512122588e-001
  -3.80468849599e-001
  -2.35125922139e-001
  +6.07675544434e-007
  +2.35100398030e-001
  +3.80373320677e-001
  +3.80330062956e-001
  +2.34987150759e-001
  -1.39363792700e-004
  -2.35239138884e-001
  -3.80512046268e-001
  -3.80468773288e-001
  -2.35125845836e-001
  +6.83970425482e-007
  +2.35100474317e-001
  +3.80373396955e-001
  +3.80330139226e-001
  +2.34987227021e-001
  -1.39287539767e-004
  -2.35239062639e-001
  -3.80511970032e-001
  -3.80468697060e-001
  -2.35125769616e-001
  +7.60181428122e-007
</dep>
<dep MUX02V.Vt time>
  +3.83034381621e-017
  +1.17547968721e+000
  +1.90183110408e+000
  +1.90161491096e+000
  +1.17491369875e+000
  -6.99542674403e-004
  -1.17617912701e+000
  -1.90253048742e+000
  -1.90231421409e+000
  -1.17561296313e+000
  +3.56761002891e-007
  +1.17548001776e+000
  +1.90183136081e+000
  +1.90161507672e+000
  +1.17491379206e+000
  -6.99488399612e-004
  -1.17617907211e+000
  -1.90253033667e+000
  -1.90231397570e+000
  -1.17561261576e+000
  +7.40686335317e-007
  +1.17548040214e+000
  +1.90183174514e+000
  +1.90161546101e+000
  +1.17491417631e+000
  -6.99104194037e-004
  -1.17617868795e+000
  -1.90252995255e+000
  -1.90231359162e+000
  -1.17561223172e+000
  +1.12468065583e-006
  +1.17548078609e+000
  +1.90183212905e+000
  +1.90161584488e+000
  +1.17491456013e+000
  -6.98720410853e-004
  -1.17617830421e+000
  -1.90252956885e+000
  -1.90231320797e+000
  -1.17561184811e+000
  +1.50825281362e-006
  +1.17548116962e+000
  +1.90183251254e+000
  +1.90161622832e+000
  +1.17491494354e+000
  -6.98337049600e-004
  -1.17617792089e+000
  -1.90252918558e+000
  -1.90231282473e+000
  -1.17561146492e+000
  +1.89140327853e-006
  +1.17548155273e+000
  +1.90183289560e+000
  +1.90161661134e+000
  +1.17491532652e+000
  -6.97954109819e-004
  -1.17617753799e+000
  -1.90252880272e+000
  -1.90231244192e+000
  -1.17561108215e+000
  +2.27413250212e-006
  +1.17548193541e+000
  +1.90183327824e+000
  +1.90161699394e+000
  +1.17491570908e+000
  -6.97571591021e-004
  -1.17617715551e+000
  -1.90252842029e+000
  -1.90231205953e+000
  -1.17561069980e+000
  +2.65644096065e-006
  +1.17548231768e+000
  +1.90183366047e+000
  +1.90161737612e+000
  +1.17491609122e+000
  -6.97189492788e-004
  -1.17617677346e+000
  -1.90252803828e+000
  -1.90231167756e+000
  -1.17561031787e+000
  +3.03832910910e-006
  +1.17548269952e+000
  +1.90183404227e+000
  +1.90161775789e+000
  +1.17491647294e+000
  -6.96807814620e-004
  -1.17617639182e+000
  -1.90252765669e+000
  -1.90231129601e+000
  -1.17560993636e+000
  +3.41979741087e-006
  +1.17548308095e+000
  +1.90183442365e+000
  +1.90161813923e+000
  +1.17491685424e+000
  -6.96426556053e-004
  -1.17617601061e+000
  -1.90252727551e+000
  -1.90231091488e+000
  -1.17560955527e+000
  +3.80084632731e-006
</dep>
<dep _net1.Vt time>
  +3.83040510147e-018
  +1.17549897779e-001
  +1.90186366514e-001
  +1.90164746780e-001
  +1.17493297956e-001
  -6.99553867041e-005
  -1.17619842965e-001
  -1.90256306212e-001
  -1.90234678457e-001
  -1.17563225601e-001
  +3.56766711044e-008
  +1.17549930834e-001
  +1.90186392187e-001
  +1.90164763356e-001
  +1.17493307287e-001
  -6.99499591382e-005
  -1.17619837475e-001
  -1.90256291138e-001
  -1.90234654618e-001
  -1.17563190863e-001
  +7.40698186251e-008
  +1.17549969272e-001
  +1.90186430621e-001
  +1.90164801786e-001
  +1.17493345713e-001
  -6.99115379659e-005
  -1.17619799058e-001
  -1.90256252725e-001
  -1.90234616210e-001
  -1.17563152458e-001
  +1.12469865065e-007
  +1.17550007668e-001
  +1.90186469013e-001
  +1.90164840173e-001
  +1.17493384096e-001
  -6.98731590335e-005
  -1.17619760684e-001
  -1.90256214354e-001
  -1.90234577843e-001
  -1.17563114096e-001
  +1.50827694557e-007
  +1.17550046022e-001
  +1.90186507362e-001
  +1.90164878518e-001
  +1.17493422437e-001
  -6.98348222948e-005
  -1.17619722351e-001
  -1.90256176026e-001
  -1.90234539519e-001
  -1.17563075777e-001
  +1.89143354087e-007
  +1.17550084333e-001
  +1.90186545669e-001
  +1.90164916821e-001
  +1.17493460736e-001
  -6.97965277040e-005
  -1.17619684061e-001
  -1.90256137740e-001
  -1.90234501237e-001
  -1.17563037499e-001
  +2.27416888810e-007
  +1.17550122603e-001
  +1.90186583934e-001
  +1.90164955082e-001
  +1.17493498992e-001
  -6.97582752122e-005
  -1.17619645812e-001
  -1.90256099496e-001
  -1.90234462997e-001
  -1.17562999263e-001
  +2.65648346353e-007
  +1.17550160830e-001
  +1.90186622158e-001
  +1.90164993301e-001
  +1.17493537207e-001
  -6.97200647775e-005
  -1.17619607606e-001
  -1.90256061294e-001
  -1.90234424800e-001
  -1.17562961070e-001
  +3.03837772217e-007
  +1.17550199015e-001
  +1.90186660339e-001
  +1.90165031478e-001
  +1.17493575380e-001
  -6.96818963501e-005
  -1.17619569442e-001
  -1.90256023134e-001
  -1.90234386644e-001
  -1.17562922918e-001
  +3.41985212741e-007
  +1.17550237158e-001
  +1.90186698478e-001
  +1.90165069613e-001
  +1.17493613510e-001
  -6.96437698834e-005
  -1.17619531320e-001
  -1.90255985016e-001
  -1.90234348530e-001
  -1.17562884808e-001
  +3.80090714061e-007
</dep>
<dep MUX05V.Vt time>
  +1.53216204059e-017
  +4.70199591114e-001
  +7.60745466056e-001
  +7.60658987119e-001
  +4.69973191824e-001
  -2.79821546816e-004
  -4.70479371859e-001
  -7.61025224849e-001
  -7.60938713830e-001
  -4.70252902403e-001
  +1.42706684417e-007
  +4.70199723338e-001
  +7.60745568749e-001
  +7.60659053425e-001
  +4.69973229149e-001
  -2.79799836553e-004
  -4.70479349901e-001
  -7.61025164551e-001
  -7.60938618472e-001
  -4.70252763451e-001
  +2.96279274501e-007
  +4.70199877090e-001
  +7.60745722484e-001
  +7.60659207143e-001
  +4.69973382851e-001
  -2.79646151864e-004
  -4.70479196233e-001
  -7.61025010900e-001
  -7.60938464838e-001
  -4.70252609834e-001
  +4.49879460260e-007
  +4.70200030673e-001
  +7.60745876051e-001
  +7.60659360693e-001
  +4.69973536383e-001
  -2.79492636134e-004
  -4.70479042734e-001
  -7.61024857418e-001
  -7.60938311373e-001
  -4.70252456386e-001
  +6.03310778229e-007
  +4.70200184088e-001
  +7.60746029448e-001
  +7.60659514073e-001
  +4.69973689747e-001
  -2.79339289179e-004
  -4.70478889404e-001
  -7.61024704105e-001
  -7.60938158077e-001
  -4.70252303106e-001
  +7.56573416346e-007
  +4.70200337333e-001
  +7.60746182677e-001
  +7.60659667285e-001
  +4.69973842943e-001
  -2.79186110816e-004
  -4.70478736242e-001
  -7.61024550960e-001
  -7.60938004949e-001
  -4.70252149995e-001
  +9.09667555238e-007
  +4.70200490411e-001
  +7.60746335738e-001
  +7.60659820329e-001
  +4.69973995969e-001
  -2.79033100849e-004
  -4.70478583249e-001
  -7.61024397984e-001
  -7.60937851990e-001
  -4.70251997053e-001
  +1.06259338541e-006
  +4.70200643320e-001
  +7.60746488630e-001
  +7.60659973204e-001
  +4.69974148828e-001
  -2.78880259110e-004
  -4.70478430424e-001
  -7.61024245175e-001
  -7.60937699198e-001
  -4.70251844278e-001
  +1.21535108887e-006
  +4.70200796061e-001
  +7.60746641354e-001
  +7.60660125912e-001
  +4.69974301518e-001
  -2.78727585400e-004
  -4.70478277768e-001
  -7.61024092535e-001
  -7.60937546575e-001
  -4.70251691671e-001
  +1.36794085096e-006
  +4.70200948634e-001
  +7.60746793910e-001
  +7.60660278451e-001
  +4.69974454041e-001
  -2.78575079534e-004
  -4.70478125278e-001
  -7.61023940063e-001
  -7.60937394120e-001
  -4.70251539233e-001
  +1.52036285624e-006
</dep>
<dep MUX20V.Vt time>
  +3.83042042309e-019
  +1.17550368358e-002
  +1.90187128873e-002
  +1.90165509052e-002
  +1.17493768309e-002
  -6.99556665257e-006
  -1.17620313825e-002
  -1.90257068853e-002
  -1.90235441011e-002
  -1.17563696234e-002
  +3.56768138111e-009
  +1.17550401414e-002
  +1.90187154546e-002
  +1.90165525628e-002
  +1.17493777640e-002
  -6.99502389380e-006
  -1.17620308336e-002
  -1.90257053778e-002
  -1.90235417171e-002
  -1.17563661496e-002
  +7.40701149044e-009
  +1.17550439853e-002
  +1.90187192980e-002
  +1.90165564058e-002
  +1.17493816066e-002
  -6.99118176121e-006
  -1.17620269918e-002
  -1.90257015365e-002
  -1.90235378763e-002
  -1.17563623092e-002
  +1.12470314944e-008
  +1.17550478249e-002
  +1.90187231372e-002
  +1.90165602445e-002
  +1.17493854449e-002
  -6.98734385261e-006
  -1.17620231544e-002
  -1.90256976995e-002
  -1.90235340396e-002
  -1.17563584729e-002
  +1.50828297868e-008
  +1.17550516602e-002
  +1.90187269722e-002
  +1.90165640791e-002
  +1.17493892790e-002
  -6.98351016341e-006
  -1.17620193211e-002
  -1.90256938666e-002
  -1.90235302072e-002
  -1.17563546409e-002
  +1.89144110660e-008
  +1.17550554914e-002
  +1.90187308029e-002
  +1.90165679094e-002
  +1.17493931089e-002
  -6.97968068901e-006
  -1.17620154920e-002
  -1.90256900380e-002
  -1.90235263790e-002
  -1.17563508131e-002
  +2.27417798477e-008
  +1.17550593184e-002
  +1.90187346294e-002
  +1.90165717355e-002
  +1.17493969346e-002
  -6.97585542453e-006
  -1.17620116672e-002
  -1.90256862136e-002
  -1.90235225550e-002
  -1.17563469896e-002
  +2.65649408947e-008
  +1.17550631411e-002
  +1.90187384517e-002
  +1.90165755574e-002
  +1.17494007561e-002
  -6.97203436578e-006
  -1.17620078466e-002
  -1.90256823933e-002
  -1.90235187352e-002
  -1.17563431702e-002
  +3.03838987568e-008
  +1.17550669596e-002
  +1.90187422699e-002
  +1.90165793751e-002
  +1.17494045734e-002
  -6.96821750777e-006
  -1.17620040301e-002
  -1.90256785773e-002
  -1.90235149196e-002
  -1.17563393550e-002
  +3.41986580682e-008
  +1.17550707740e-002
  +1.90187460838e-002
  +1.90165831886e-002
  +1.17494083865e-002
  -6.96440484585e-006
  -1.17620002179e-002
  -1.90256747655e-002
  -1.90235111082e-002
  -1.17563355440e-002
  +3.80092234424e-008
</dep>
<dep MUX10V.Vt time>
  +7.66084084618e-019
  +2.35100736717e-002
  +3.80374257746e-002
  +3.80331018104e-002
  +2.34987536618e-002
  -1.39911333051e-005
  -2.35240627651e-002
  -3.80514137706e-002
  -3.80470882022e-002
  -2.35127392468e-002
  +7.13536276221e-009
  +2.35100802829e-002
  +3.80374309093e-002
  +3.80331051256e-002
  +2.34987555281e-002
  -1.39900477876e-005
  -2.35240616671e-002
  -3.80514107556e-002
  -3.80470834343e-002
  -2.35127322992e-002
  +1.48140229809e-008
  +2.35100879705e-002
  +3.80374385961e-002
  +3.80331128116e-002
  +2.34987632132e-002
  -1.39823635224e-005
  -2.35240539837e-002
  -3.80514030730e-002
  -3.80470757526e-002
  -2.35127246183e-002
  +2.24940629889e-008
  +2.35100956497e-002
  +3.80374462744e-002
  +3.80331204891e-002
  +2.34987708898e-002
  -1.39746877052e-005
  -2.35240463087e-002
  -3.80513953989e-002
  -3.80470680793e-002
  -2.35127169459e-002
  +3.01656595736e-008
  +2.35101033205e-002
  +3.80374539443e-002
  +3.80331281582e-002
  +2.34987785581e-002
  -1.39670203268e-005
  -2.35240386422e-002
  -3.80513877332e-002
  -3.80470604144e-002
  -2.35127092819e-002
  +3.78288221320e-008
  +2.35101109828e-002
  +3.80374616058e-002
  +3.80331358188e-002
  +2.34987862179e-002
  -1.39593613780e-005
  -2.35240309841e-002
  -3.80513800760e-002
  -3.80470527580e-002
  -2.35127016263e-002
  +4.54835596954e-008
  +2.35101186367e-002
  +3.80374692589e-002
  +3.80331434710e-002
  +2.34987938692e-002
  -1.39517108491e-005
  -2.35240233344e-002
  -3.80513724271e-002
  -3.80470451100e-002
  -2.35126939791e-002
  +5.31298817893e-008
  +2.35101262822e-002
  +3.80374769035e-002
  +3.80331511148e-002
  +2.34988015122e-002
  -1.39440687316e-005
  -2.35240156931e-002
  -3.80513647867e-002
  -3.80470374704e-002
  -2.35126863404e-002
  +6.07677975137e-008
  +2.35101339193e-002
  +3.80374845397e-002
  +3.80331587502e-002
  +2.34988091467e-002
  -1.39364350155e-005
  -2.35240080602e-002
  -3.80513571546e-002
  -3.80470298392e-002
  -2.35126787100e-002
  +6.83973161364e-008
  +2.35101415479e-002
  +3.80374921676e-002
  +3.80331663772e-002
  +2.34988167729e-002
  -1.39288096917e-005
  -2.35240004358e-002
  -3.80513495310e-002
  -3.80470222164e-002
  -2.35126710880e-002
  +7.60184468847e-008
</dep>
<dep MUX5V.Vt time>
  +1.53216816924e-018
  +4.70201473434e-002
  +7.60748515492e-002
  +7.60662036207e-002
  +4.69975073236e-002
  -2.79822666103e-005
  -4.70481255301e-002
  -7.61028275411e-002
  -7.60941764043e-002
  -4.70254784937e-002
  +1.42707255244e-008
  +4.70201605658e-002
  +7.60748618185e-002
  +7.60662102513e-002
  +4.69975110561e-002
  -2.79800955752e-005
  -4.70481233342e-002
  -7.61028215112e-002
  -7.60941668686e-002
  -4.70254645984e-002
  +2.96280459618e-008
  +4.70201759411e-002
  +7.60748771921e-002
  +7.60662256232e-002
  +4.69975264264e-002
  -2.79647270448e-005
  -4.70481079674e-002
  -7.61028061461e-002
  -7.60941515051e-002
  -4.70254492366e-002
  +4.49881259778e-008
  +4.70201912995e-002
  +7.60748925488e-002
  +7.60662409782e-002
  +4.69975417797e-002
  -2.79493754105e-005
  -4.70480926174e-002
  -7.61027907978e-002
  -7.60941361585e-002
  -4.70254338917e-002
  +6.03313191472e-008
  +4.70202066410e-002
  +7.60749078886e-002
  +7.60662563163e-002
  +4.69975571161e-002
  -2.79340406537e-005
  -4.70480772844e-002
  -7.61027754664e-002
  -7.60941208288e-002
  -4.70254185637e-002
  +7.56576442640e-008
  +4.70202219656e-002
  +7.60749232116e-002
  +7.60662716376e-002
  +4.69975724357e-002
  -2.79187227561e-005
  -4.70480619682e-002
  -7.61027601519e-002
  -7.60941055160e-002
  -4.70254032526e-002
  +9.09671193909e-008
  +4.70202372734e-002
  +7.60749385177e-002
  +7.60662869420e-002
  +4.69975877385e-002
  -2.79034216981e-005
  -4.70480466688e-002
  -7.61027448542e-002
  -7.60940902200e-002
  -4.70253879583e-002
  +1.06259763579e-007
  +4.70202525644e-002
  +7.60749538070e-002
  +7.60663022296e-002
  +4.69976030244e-002
  -2.78881374631e-005
  -4.70480313862e-002
  -7.61027295733e-002
  -7.60940749408e-002
  -4.70253726807e-002
  +1.21535595027e-007
  +4.70202678385e-002
  +7.60749690795e-002
  +7.60663175004e-002
  +4.69976182935e-002
  -2.78728700311e-005
  -4.70480161205e-002
  -7.61027143093e-002
  -7.60940596784e-002
  -4.70253574200e-002
  +1.36794632273e-007
  +4.70202830959e-002
  +7.60749843351e-002
  +7.60663327544e-002
  +4.69976335458e-002
  -2.78576193834e-005
  -4.70480008715e-002
  -7.61026990620e-002
  -7.60940444328e-002
  -4.70253421761e-002
  +1.52036893769e-007
</dep>
<indep V3.I 1>
  -1.29996750081e-004
</indep>
<indep V2.I 1>
  -1.29996750081e-004
</indep>
<indep V1.I 1>
  +0.00000000000e+000
</indep>
<indep _net0.V 1>
  +0.00000000000e+000
</indep>
<indep fertig.V 1>
  -1.50015795807e+000
</indep>
<indep verst.V 1>
  -1.50015795807e+000
</indep>
<indep _net6.V 1>
  +1.51262191617e-006
</indep>
<indep _net7.V 1>
  +6.12867276866e-018
</indep>
<indep MUX2V.V 1>
  +3.83042048041e-018
</indep>
<indep imp.V 1>
  +1.50016098331e+000
</indep>
<indep offset.V 1>
  +1.50016249594e+000
</indep>
<indep _net4.V 1>
  -8.00000000000e+000
</indep>
<indep _net5.V 1>
  +8.00000000000e+000
</indep>
<indep _net3.V 1>
  -4.99967500812e+000
</indep>
<indep _net2.V 1>
  +3.83034387353e-018
</indep>
<indep MUX01V.V 1>
  +7.66068774707e-017
</indep>
<indep MUX1V.V 1>
  +7.66081031758e-018
</indep>
<indep MUX02V.V 1>
  +3.83034387353e-017
</indep>
<indep _net1.V 1>
  +3.83040515879e-018
</indep>
<indep MUX05V.V 1>
  +1.53216206352e-017
</indep>
<indep MUX20V.V 1>
  +3.83042048041e-019
</indep>
<indep MUX10V.V 1>
  +7.66084096082e-019
</indep>
<indep MUX5V.V 1>
  +1.53216819216e-018
</indep>
